{
  "points": [
    {
      "event_id": "daemon_startup::0000",
      "timestamp": 1772547415.116825,
      "emergent_time": 0.232465,
      "spatial": [
        -0.050357,
        0.006697,
        0.000544
      ],
      "entropy": 3.042875,
      "curvature_proxy": 0.0
    },
    {
      "event_id": "daemon_shutdown::0001",
      "timestamp": 1772547934.924923,
      "emergent_time": 0.0,
      "spatial": [
        0.049236,
        0.000617,
        0.021906
      ],
      "entropy": 2.976135,
      "curvature_proxy": 0.02954
    },
    {
      "event_id": "daemon_startup::0002",
      "timestamp": 1772547943.63992,
      "emergent_time": 0.241994,
      "spatial": [
        -0.050357,
        0.006697,
        0.000544
      ],
      "entropy": 3.042875,
      "curvature_proxy": 0.0
    },
    {
      "event_id": "scheduled_integrity_audit::0003",
      "timestamp": 1772551558.719168,
      "emergent_time": 0.140034,
      "spatial": [
        0.022161,
        -3.3e-05,
        0.001697
      ],
      "entropy": 3.008141,
      "curvature_proxy": 0.00141
    },
    {
      "event_id": "scheduled_integrity_audit::0004",
      "timestamp": 1772555179.225883,
      "emergent_time": 0.192069,
      "spatial": [
        0.02052,
        -4.8e-05,
        0.000672
      ],
      "entropy": 3.009634,
      "curvature_proxy": 0.000436
    },
    {
      "event_id": "scheduled_integrity_audit::0005",
      "timestamp": 1772558808.682827,
      "emergent_time": 0.178656,
      "spatial": [
        0.021311,
        -6.8e-05,
        0.001019
      ],
      "entropy": 3.00894,
      "curvature_proxy": 0.000648
    },
    {
      "event_id": "scheduled_integrity_audit::0006",
      "timestamp": 1772562439.825491,
      "emergent_time": 0.201359,
      "spatial": [
        0.020972,
        -8.1e-05,
        0.000764
      ],
      "entropy": 3.009253,
      "curvature_proxy": 0.000327
    },
    {
      "event_id": "scheduled_integrity_audit::0007",
      "timestamp": 1772566096.716157,
      "emergent_time": 0.253944,
      "spatial": [
        0.019989,
        -6.5e-05,
        0.000284
      ],
      "entropy": 3.010118,
      "curvature_proxy": 0.000694
    },
    {
      "event_id": "scheduled_integrity_audit::0008",
      "timestamp": 1772569774.350012,
      "emergent_time": 0.28398,
      "spatial": [
        0.019537,
        -0.000151,
        -0.000434
      ],
      "entropy": 3.010571,
      "curvature_proxy": 0.001159
    },
    {
      "event_id": "scheduled_integrity_audit::0009",
      "timestamp": 1772573405.131434,
      "emergent_time": 0.255901,
      "spatial": [
        0.020942,
        -0.000143,
        0.000405
      ],
      "entropy": 3.009324,
      "curvature_proxy": 0.000414
    },
    {
      "event_id": "scheduled_integrity_audit::0010",
      "timestamp": 1772577079.120518,
      "emergent_time": 0.29327,
      "spatial": [
        0.020273,
        0.000194,
        0.001817
      ],
      "entropy": 3.009678,
      "curvature_proxy": 0.001283
    },
    {
      "event_id": "scheduled_integrity_audit::0011",
      "timestamp": 1772580781.64821,
      "emergent_time": 0.323856,
      "spatial": [
        0.0197,
        -3.8e-05,
        0.000265
      ],
      "entropy": 3.010354,
      "curvature_proxy": 0.000778
    },
    {
      "event_id": "scheduled_integrity_audit::0012",
      "timestamp": 1772584410.386327,
      "emergent_time": 0.361774,
      "spatial": [
        0.018015,
        -7.3e-05,
        -0.000876
      ],
      "entropy": 3.011837,
      "curvature_proxy": 0.00148
    },
    {
      "event_id": "scheduled_integrity_audit::0013",
      "timestamp": 1772588022.599213,
      "emergent_time": 0.369811,
      "spatial": [
        0.018015,
        -7.3e-05,
        -0.000876
      ],
      "entropy": 3.011837,
      "curvature_proxy": 0.00148
    },
    {
      "event_id": "daemon_startup::0014",
      "timestamp": 1772591555.633662,
      "emergent_time": 0.407181,
      "spatial": [
        -0.050357,
        0.006697,
        0.000544
      ],
      "entropy": 3.042875,
      "curvature_proxy": 0.0
    },
    {
      "event_id": "daemon_shutdown::0015",
      "timestamp": 1772591581.067769,
      "emergent_time": 0.399847,
      "spatial": [
        -0.067097,
        -0.065216,
        0.001824
      ],
      "entropy": 3.025203,
      "curvature_proxy": 0.073847
    },
    {
      "event_id": "daemon_startup::0016",
      "timestamp": 1772591587.946238,
      "emergent_time": 0.414514,
      "spatial": [
        -0.050357,
        0.006697,
        0.000544
      ],
      "entropy": 3.042875,
      "curvature_proxy": 0.0
    },
    {
      "event_id": "daemon_shutdown::0017",
      "timestamp": 1772592783.659683,
      "emergent_time": 0.19946,
      "spatial": [
        0.029827,
        0.00016,
        0.007212
      ],
      "entropy": 3.000458,
      "curvature_proxy": 0.00776
    },
    {
      "event_id": "daemon_startup::0018",
      "timestamp": 1772592788.07,
      "emergent_time": 0.463453,
      "spatial": [
        -0.050357,
        0.006697,
        0.000544
      ],
      "entropy": 3.042875,
      "curvature_proxy": 0.0
    },
    {
      "event_id": "daemon_shutdown::0019",
      "timestamp": 1772594024.884938,
      "emergent_time": 0.351612,
      "spatial": [
        0.020804,
        -8.1e-05,
        0.00066
      ],
      "entropy": 3.009404,
      "curvature_proxy": 0.000143
    },
    {
      "event_id": "daemon_startup::0020",
      "timestamp": 1772594035.032989,
      "emergent_time": 0.454276,
      "spatial": [
        -0.050357,
        0.006697,
        0.000544
      ],
      "entropy": 3.042875,
      "curvature_proxy": 0.0
    },
    {
      "event_id": "scheduled_integrity_audit::0021",
      "timestamp": 1772597635.208085,
      "emergent_time": 0.300984,
      "spatial": [
        0.023024,
        -0.00118,
        -0.003905
      ],
      "entropy": 3.00805,
      "curvature_proxy": 0.0
    },
    {
      "event_id": "scheduled_integrity_audit::0022",
      "timestamp": 1772601235.210088,
      "emergent_time": 0.33102,
      "spatial": [
        0.023024,
        -0.00118,
        -0.003905
      ],
      "entropy": 3.00805,
      "curvature_proxy": 0.0
    },
    {
      "event_id": "scheduled_integrity_audit::0023",
      "timestamp": 1772604835.209753,
      "emergent_time": 0.339057,
      "spatial": [
        0.023024,
        -0.00118,
        -0.003905
      ],
      "entropy": 3.00805,
      "curvature_proxy": 0.0
    },
    {
      "event_id": "scheduled_integrity_audit::0024",
      "timestamp": 1772608435.229283,
      "emergent_time": 0.339761,
      "spatial": [
        0.023024,
        -0.00118,
        -0.003905
      ],
      "entropy": 3.00805,
      "curvature_proxy": 0.0
    },
    {
      "event_id": "scheduled_integrity_audit::0025",
      "timestamp": 1772612038.012235,
      "emergent_time": 0.348347,
      "spatial": [
        0.023024,
        -0.00118,
        -0.003905
      ],
      "entropy": 3.00805,
      "curvature_proxy": 0.0
    },
    {
      "event_id": "scheduled_integrity_audit::0026",
      "timestamp": 1772615639.160233,
      "emergent_time": 0.319718,
      "spatial": [
        0.023024,
        -0.00118,
        -0.003905
      ],
      "entropy": 3.00805,
      "curvature_proxy": 0.0
    },
    {
      "event_id": "scheduled_integrity_audit::0027",
      "timestamp": 1772619241.364734,
      "emergent_time": 0.371754,
      "spatial": [
        0.023024,
        -0.00118,
        -0.003905
      ],
      "entropy": 3.00805,
      "curvature_proxy": 0.0
    },
    {
      "event_id": "scheduled_integrity_audit::0028",
      "timestamp": 1772622842.413363,
      "emergent_time": 0.379791,
      "spatial": [
        0.023024,
        -0.00118,
        -0.003905
      ],
      "entropy": 3.00805,
      "curvature_proxy": 0.0
    },
    {
      "event_id": "scheduled_integrity_audit::0029",
      "timestamp": 1772626443.296202,
      "emergent_time": 0.387828,
      "spatial": [
        0.023024,
        -0.00118,
        -0.003905
      ],
      "entropy": 3.00805,
      "curvature_proxy": 0.0
    },
    {
      "event_id": "scheduled_integrity_audit::0030",
      "timestamp": 1772630044.182945,
      "emergent_time": 0.395865,
      "spatial": [
        0.023024,
        -0.00118,
        -0.003905
      ],
      "entropy": 3.00805,
      "curvature_proxy": 0.0
    },
    {
      "event_id": "scheduled_integrity_audit::0031",
      "timestamp": 1772633644.201732,
      "emergent_time": 0.403902,
      "spatial": [
        0.023024,
        -0.00118,
        -0.003905
      ],
      "entropy": 3.00805,
      "curvature_proxy": 0.0
    },
    {
      "event_id": "scheduled_integrity_audit::0032",
      "timestamp": 1772637244.308807,
      "emergent_time": 0.499937,
      "spatial": [
        0.023024,
        -0.00118,
        -0.003905
      ],
      "entropy": 3.00805,
      "curvature_proxy": 0.0
    },
    {
      "event_id": "daemon_shutdown::0033",
      "timestamp": 1772638345.452825,
      "emergent_time": 0.497544,
      "spatial": [
        0.023024,
        -0.00118,
        -0.003905
      ],
      "entropy": 3.00805,
      "curvature_proxy": 0.0
    },
    {
      "event_id": "daemon_startup::0034",
      "timestamp": 1772638354.269195,
      "emergent_time": 0.636874,
      "spatial": [
        -0.050357,
        0.006697,
        0.000544
      ],
      "entropy": 3.042875,
      "curvature_proxy": 0.0
    },
    {
      "event_id": "scheduled_integrity_audit::0035",
      "timestamp": 1772641954.371202,
      "emergent_time": 0.424917,
      "spatial": [
        0.023253,
        -1.4e-05,
        0.002417
      ],
      "entropy": 3.007116,
      "curvature_proxy": 0.002376
    },
    {
      "event_id": "daemon_startup::0036",
      "timestamp": 1772709296.298898,
      "emergent_time": 0.955649,
      "spatial": [
        -0.050357,
        0.006697,
        0.000544
      ],
      "entropy": 3.042875,
      "curvature_proxy": 0.0
    },
    {
      "event_id": "daemon_shutdown::0037",
      "timestamp": 1772709921.724256,
      "emergent_time": 0.709067,
      "spatial": [
        0.027515,
        9.2e-05,
        0.005478
      ],
      "entropy": 3.002893,
      "curvature_proxy": 0.005587
    },
    {
      "event_id": "daemon_startup::0038",
      "timestamp": 1772710105.441165,
      "emergent_time": 0.974158,
      "spatial": [
        -0.050357,
        0.006697,
        0.000544
      ],
      "entropy": 3.042875,
      "curvature_proxy": 0.0
    },
    {
      "event_id": "daemon_startup::0039",
      "timestamp": 1772710136.344625,
      "emergent_time": 0.981491,
      "spatial": [
        -0.050357,
        0.006697,
        0.000544
      ],
      "entropy": 3.042875,
      "curvature_proxy": 0.0
    },
    {
      "event_id": "daemon_startup::0040",
      "timestamp": 1772710216.273255,
      "emergent_time": 0.989373,
      "spatial": [
        -0.050357,
        0.006697,
        0.000544
      ],
      "entropy": 3.042875,
      "curvature_proxy": 0.0
    },
    {
      "event_id": "daemon_startup::0041",
      "timestamp": 1772711016.958398,
      "emergent_time": 1.0,
      "spatial": [
        -0.050357,
        0.006697,
        0.000544
      ],
      "entropy": 3.042875,
      "curvature_proxy": 0.0
    }
  ],
  "information_distance": [
    [
      0.0,
      0.102051,
      0.0,
      0.072842,
      0.0712,
      0.07199,
      0.071653,
      0.070674,
      0.070237,
      0.071629,
      0.070945,
      0.070384,
      0.068724,
      0.068724,
      0.0,
      0.073847,
      0.0,
      0.080728,
      0.0,
      0.071485,
      0.0,
      0.073937,
      0.073937,
      0.073937,
      0.073937,
      0.073937,
      0.073937,
      0.073937,
      0.073937,
      0.073937,
      0.073937,
      0.073937,
      0.073937,
      0.073937,
      0.0,
      0.073941,
      0.0,
      0.078309,
      0.0,
      0.0,
      0.0,
      0.0
    ],
    [
      0.102051,
      0.0,
      0.102051,
      0.033862,
      0.035786,
      0.034945,
      0.035369,
      0.036445,
      0.037232,
      0.035607,
      0.035333,
      0.036691,
      0.038718,
      0.038718,
      0.102051,
      0.135179,
      0.102051,
      0.024428,
      0.102051,
      0.035564,
      0.102051,
      0.036847,
      0.036847,
      0.036847,
      0.036847,
      0.036847,
      0.036847,
      0.036847,
      0.036847,
      0.036847,
      0.036847,
      0.036847,
      0.036847,
      0.036847,
      0.102051,
      0.032556,
      0.102051,
      0.027316,
      0.102051,
      0.102051,
      0.102051,
      0.102051
    ],
    [
      0.0,
      0.102051,
      0.0,
      0.072842,
      0.0712,
      0.07199,
      0.071653,
      0.070674,
      0.070237,
      0.071629,
      0.070945,
      0.070384,
      0.068724,
      0.068724,
      0.0,
      0.073847,
      0.0,
      0.080728,
      0.0,
      0.071485,
      0.0,
      0.073937,
      0.073937,
      0.073937,
      0.073937,
      0.073937,
      0.073937,
      0.073937,
      0.073937,
      0.073937,
      0.073937,
      0.073937,
      0.073937,
      0.073937,
      0.0,
      0.073941,
      0.0,
      0.078309,
      0.0,
      0.0,
      0.0,
      0.0
    ],
    [
      0.072842,
      0.033862,
      0.072842,
      0.0,
      0.001917,
      0.001086,
      0.001553,
      0.002599,
      0.00337,
      0.001805,
      0.001914,
      0.002825,
      0.004874,
      0.004874,
      0.072842,
      0.110527,
      0.072842,
      0.009455,
      0.072842,
      0.001728,
      0.072842,
      0.005884,
      0.005884,
      0.005884,
      0.005884,
      0.005884,
      0.005884,
      0.005884,
      0.005884,
      0.005884,
      0.005884,
      0.005884,
      0.005884,
      0.005884,
      0.072842,
      0.001272,
      0.072842,
      0.006554,
      0.072842,
      0.072842,
      0.072842,
      0.072842
    ],
    [
      0.0712,
      0.035786,
      0.0712,
      0.001917,
      0.0,
      0.000816,
      0.000488,
      0.000708,
      0.001462,
      0.000549,
      0.001227,
      0.000857,
      0.002942,
      0.002942,
      0.0712,
      0.109203,
      0.0712,
      0.011378,
      0.0712,
      0.0,
      0.0712,
      0.005445,
      0.005445,
      0.005445,
      0.005445,
      0.005445,
      0.005445,
      0.005445,
      0.005445,
      0.005445,
      0.005445,
      0.005445,
      0.005445,
      0.005445,
      0.0712,
      0.003237,
      0.0712,
      0.008489,
      0.0712,
      0.0712,
      0.0712,
      0.0712
    ],
    [
      0.07199,
      0.034945,
      0.07199,
      0.001086,
      0.000816,
      0.0,
      0.000459,
      0.001541,
      0.002307,
      0.000746,
      0.001296,
      0.001787,
      0.003789,
      0.003789,
      0.07199,
      0.109823,
      0.07199,
      0.010531,
      0.07199,
      0.000573,
      0.07199,
      0.005431,
      0.005431,
      0.005431,
      0.005431,
      0.005431,
      0.005431,
      0.005431,
      0.005431,
      0.005431,
      0.005431,
      0.005431,
      0.005431,
      0.005431,
      0.07199,
      0.002393,
      0.07199,
      0.007641,
      0.07199,
      0.07199,
      0.07199,
      0.07199
    ],
    [
      0.071653,
      0.035369,
      0.071653,
      0.001553,
      0.000488,
      0.000459,
      0.0,
      0.001073,
      0.001843,
      0.000362,
      0.001296,
      0.001391,
      0.003377,
      0.003377,
      0.071653,
      0.109546,
      0.071653,
      0.010961,
      0.071653,
      0.0,
      0.071653,
      0.005325,
      0.005325,
      0.005325,
      0.005325,
      0.005325,
      0.005325,
      0.005325,
      0.005325,
      0.005325,
      0.005325,
      0.005325,
      0.005325,
      0.005325,
      0.071653,
      0.002823,
      0.071653,
      0.008069,
      0.071653,
      0.071653,
      0.071653,
      0.071653
    ],
    [
      0.070674,
      0.036445,
      0.070674,
      0.002599,
      0.000708,
      0.001541,
      0.001073,
      0.0,
      0.000857,
      0.000947,
      0.001605,
      0.00031,
      0.00229,
      0.00229,
      0.070674,
      0.108772,
      0.070674,
      0.012039,
      0.070674,
      0.000902,
      0.070674,
      0.005409,
      0.005409,
      0.005409,
      0.005409,
      0.005409,
      0.005409,
      0.005409,
      0.005409,
      0.005409,
      0.005409,
      0.005409,
      0.005409,
      0.005409,
      0.070674,
      0.003911,
      0.070674,
      0.009151,
      0.070674,
      0.070674,
      0.070674,
      0.070674
    ],
    [
      0.070237,
      0.037232,
      0.070237,
      0.00337,
      0.001462,
      0.002307,
      0.001843,
      0.000857,
      0.0,
      0.001613,
      0.002416,
      0.000732,
      0.001586,
      0.001586,
      0.070237,
      0.108371,
      0.070237,
      0.012827,
      0.070237,
      0.001651,
      0.070237,
      0.005128,
      0.005128,
      0.005128,
      0.005128,
      0.005128,
      0.005128,
      0.005128,
      0.005128,
      0.005128,
      0.005128,
      0.005128,
      0.005128,
      0.005128,
      0.070237,
      0.004695,
      0.070237,
      0.009933,
      0.070237,
      0.070237,
      0.070237,
      0.070237
    ],
    [
      0.071629,
      0.035607,
      0.071629,
      0.001805,
      0.000549,
      0.000746,
      0.000362,
      0.000947,
      0.001613,
      0.0,
      0.00167,
      0.00129,
      0.003199,
      0.003199,
      0.071629,
      0.109488,
      0.071629,
      0.011204,
      0.071629,
      0.0,
      0.071629,
      0.005003,
      0.005003,
      0.005003,
      0.005003,
      0.005003,
      0.005003,
      0.005003,
      0.005003,
      0.005003,
      0.005003,
      0.005003,
      0.005003,
      0.005003,
      0.071629,
      0.003063,
      0.071629,
      0.008315,
      0.071629,
      0.071629,
      0.071629,
      0.071629
    ],
    [
      0.070945,
      0.035333,
      0.070945,
      0.001914,
      0.001227,
      0.001296,
      0.001296,
      0.001605,
      0.002416,
      0.00167,
      0.0,
      0.00169,
      0.003537,
      0.003537,
      0.070945,
      0.109145,
      0.070945,
      0.010985,
      0.070945,
      0.001314,
      0.070945,
      0.006627,
      0.006627,
      0.006627,
      0.006627,
      0.006627,
      0.006627,
      0.006627,
      0.006627,
      0.006627,
      0.006627,
      0.006627,
      0.006627,
      0.006627,
      0.070945,
      0.00305,
      0.070945,
      0.008123,
      0.070945,
      0.070945,
      0.070945,
      0.070945
    ],
    [
      0.070384,
      0.036691,
      0.070384,
      0.002825,
      0.000857,
      0.001787,
      0.001391,
      0.00031,
      0.000732,
      0.00129,
      0.00169,
      0.0,
      0.002043,
      0.002043,
      0.070384,
      0.108557,
      0.070384,
      0.012287,
      0.070384,
      0.001212,
      0.070384,
      0.005574,
      0.005574,
      0.005574,
      0.005574,
      0.005574,
      0.005574,
      0.005574,
      0.005574,
      0.005574,
      0.005574,
      0.005574,
      0.005574,
      0.005574,
      0.070384,
      0.004156,
      0.070384,
      0.009398,
      0.070384,
      0.070384,
      0.070384,
      0.070384
    ],
    [
      0.068724,
      0.038718,
      0.068724,
      0.004874,
      0.002942,
      0.003789,
      0.003377,
      0.00229,
      0.001586,
      0.003199,
      0.003537,
      0.002043,
      0.0,
      0.0,
      0.068724,
      0.107216,
      0.068724,
      0.014323,
      0.068724,
      0.003172,
      0.068724,
      0.006057,
      0.006057,
      0.006057,
      0.006057,
      0.006057,
      0.006057,
      0.006057,
      0.006057,
      0.006057,
      0.006057,
      0.006057,
      0.006057,
      0.006057,
      0.068724,
      0.006193,
      0.068724,
      0.011435,
      0.068724,
      0.068724,
      0.068724,
      0.068724
    ],
    [
      0.068724,
      0.038718,
      0.068724,
      0.004874,
      0.002942,
      0.003789,
      0.003377,
      0.00229,
      0.001586,
      0.003199,
      0.003537,
      0.002043,
      0.0,
      0.0,
      0.068724,
      0.107216,
      0.068724,
      0.014323,
      0.068724,
      0.003172,
      0.068724,
      0.006057,
      0.006057,
      0.006057,
      0.006057,
      0.006057,
      0.006057,
      0.006057,
      0.006057,
      0.006057,
      0.006057,
      0.006057,
      0.006057,
      0.006057,
      0.068724,
      0.006193,
      0.068724,
      0.011435,
      0.068724,
      0.068724,
      0.068724,
      0.068724
    ],
    [
      0.0,
      0.102051,
      0.0,
      0.072842,
      0.0712,
      0.07199,
      0.071653,
      0.070674,
      0.070237,
      0.071629,
      0.070945,
      0.070384,
      0.068724,
      0.068724,
      0.0,
      0.073847,
      0.0,
      0.080728,
      0.0,
      0.071485,
      0.0,
      0.073937,
      0.073937,
      0.073937,
      0.073937,
      0.073937,
      0.073937,
      0.073937,
      0.073937,
      0.073937,
      0.073937,
      0.073937,
      0.073937,
      0.073937,
      0.0,
      0.073941,
      0.0,
      0.078309,
      0.0,
      0.0,
      0.0,
      0.0
    ],
    [
      0.073847,
      0.135179,
      0.073847,
      0.110527,
      0.109203,
      0.109823,
      0.109546,
      0.108772,
      0.108371,
      0.109488,
      0.109145,
      0.108557,
      0.107216,
      0.107216,
      0.073847,
      0.0,
      0.073847,
      0.117037,
      0.073847,
      0.109411,
      0.073847,
      0.110705,
      0.110705,
      0.110705,
      0.110705,
      0.110705,
      0.110705,
      0.110705,
      0.110705,
      0.110705,
      0.110705,
      0.110705,
      0.110705,
      0.110705,
      0.073847,
      0.111423,
      0.073847,
      0.115023,
      0.073847,
      0.073847,
      0.073847,
      0.073847
    ],
    [
      0.0,
      0.102051,
      0.0,
      0.072842,
      0.0712,
      0.07199,
      0.071653,
      0.070674,
      0.070237,
      0.071629,
      0.070945,
      0.070384,
      0.068724,
      0.068724,
      0.0,
      0.073847,
      0.0,
      0.080728,
      0.0,
      0.071485,
      0.0,
      0.073937,
      0.073937,
      0.073937,
      0.073937,
      0.073937,
      0.073937,
      0.073937,
      0.073937,
      0.073937,
      0.073937,
      0.073937,
      0.073937,
      0.073937,
      0.0,
      0.073941,
      0.0,
      0.078309,
      0.0,
      0.0,
      0.0,
      0.0
    ],
    [
      0.080728,
      0.024428,
      0.080728,
      0.009455,
      0.011378,
      0.010531,
      0.010961,
      0.012039,
      0.012827,
      0.011204,
      0.010985,
      0.012287,
      0.014323,
      0.014323,
      0.080728,
      0.117037,
      0.080728,
      0.0,
      0.080728,
      0.011155,
      0.080728,
      0.013132,
      0.013132,
      0.013132,
      0.013132,
      0.013132,
      0.013132,
      0.013132,
      0.013132,
      0.013132,
      0.013132,
      0.013132,
      0.013132,
      0.013132,
      0.080728,
      0.008145,
      0.080728,
      0.002908,
      0.080728,
      0.080728,
      0.080728,
      0.080728
    ],
    [
      0.0,
      0.102051,
      0.0,
      0.072842,
      0.0712,
      0.07199,
      0.071653,
      0.070674,
      0.070237,
      0.071629,
      0.070945,
      0.070384,
      0.068724,
      0.068724,
      0.0,
      0.073847,
      0.0,
      0.080728,
      0.0,
      0.071485,
      0.0,
      0.073937,
      0.073937,
      0.073937,
      0.073937,
      0.073937,
      0.073937,
      0.073937,
      0.073937,
      0.073937,
      0.073937,
      0.073937,
      0.073937,
      0.073937,
      0.0,
      0.073941,
      0.0,
      0.078309,
      0.0,
      0.0,
      0.0,
      0.0
    ],
    [
      0.071485,
      0.035564,
      0.071485,
      0.001728,
      0.0,
      0.000573,
      0.0,
      0.000902,
      0.001651,
      0.0,
      0.001314,
      0.001212,
      0.003172,
      0.003172,
      0.071485,
      0.109411,
      0.071485,
      0.011155,
      0.071485,
      0.0,
      0.071485,
      0.005295,
      0.005295,
      0.005295,
      0.005295,
      0.005295,
      0.005295,
      0.005295,
      0.005295,
      0.005295,
      0.005295,
      0.005295,
      0.005295,
      0.005295,
      0.071485,
      0.003017,
      0.071485,
      0.008265,
      0.071485,
      0.071485,
      0.071485,
      0.071485
    ],
    [
      0.0,
      0.102051,
      0.0,
      0.072842,
      0.0712,
      0.07199,
      0.071653,
      0.070674,
      0.070237,
      0.071629,
      0.070945,
      0.070384,
      0.068724,
      0.068724,
      0.0,
      0.073847,
      0.0,
      0.080728,
      0.0,
      0.071485,
      0.0,
      0.073937,
      0.073937,
      0.073937,
      0.073937,
      0.073937,
      0.073937,
      0.073937,
      0.073937,
      0.073937,
      0.073937,
      0.073937,
      0.073937,
      0.073937,
      0.0,
      0.073941,
      0.0,
      0.078309,
      0.0,
      0.0,
      0.0,
      0.0
    ],
    [
      0.073937,
      0.036847,
      0.073937,
      0.005884,
      0.005445,
      0.005431,
      0.005325,
      0.005409,
      0.005128,
      0.005003,
      0.006627,
      0.005574,
      0.006057,
      0.006057,
      0.073937,
      0.110705,
      0.073937,
      0.013132,
      0.073937,
      0.005295,
      0.073937,
      0.0,
      0.0,
      0.0,
      0.0,
      0.0,
      0.0,
      0.0,
      0.0,
      0.0,
      0.0,
      0.0,
      0.0,
      0.0,
      0.073937,
      0.006514,
      0.073937,
      0.010523,
      0.073937,
      0.073937,
      0.073937,
      0.073937
    ],
    [
      0.073937,
      0.036847,
      0.073937,
      0.005884,
      0.005445,
      0.005431,
      0.005325,
      0.005409,
      0.005128,
      0.005003,
      0.006627,
      0.005574,
      0.006057,
      0.006057,
      0.073937,
      0.110705,
      0.073937,
      0.013132,
      0.073937,
      0.005295,
      0.073937,
      0.0,
      0.0,
      0.0,
      0.0,
      0.0,
      0.0,
      0.0,
      0.0,
      0.0,
      0.0,
      0.0,
      0.0,
      0.0,
      0.073937,
      0.006514,
      0.073937,
      0.010523,
      0.073937,
      0.073937,
      0.073937,
      0.073937
    ],
    [
      0.073937,
      0.036847,
      0.073937,
      0.005884,
      0.005445,
      0.005431,
      0.005325,
      0.005409,
      0.005128,
      0.005003,
      0.006627,
      0.005574,
      0.006057,
      0.006057,
      0.073937,
      0.110705,
      0.073937,
      0.013132,
      0.073937,
      0.005295,
      0.073937,
      0.0,
      0.0,
      0.0,
      0.0,
      0.0,
      0.0,
      0.0,
      0.0,
      0.0,
      0.0,
      0.0,
      0.0,
      0.0,
      0.073937,
      0.006514,
      0.073937,
      0.010523,
      0.073937,
      0.073937,
      0.073937,
      0.073937
    ],
    [
      0.073937,
      0.036847,
      0.073937,
      0.005884,
      0.005445,
      0.005431,
      0.005325,
      0.005409,
      0.005128,
      0.005003,
      0.006627,
      0.005574,
      0.006057,
      0.006057,
      0.073937,
      0.110705,
      0.073937,
      0.013132,
      0.073937,
      0.005295,
      0.073937,
      0.0,
      0.0,
      0.0,
      0.0,
      0.0,
      0.0,
      0.0,
      0.0,
      0.0,
      0.0,
      0.0,
      0.0,
      0.0,
      0.073937,
      0.006514,
      0.073937,
      0.010523,
      0.073937,
      0.073937,
      0.073937,
      0.073937
    ],
    [
      0.073937,
      0.036847,
      0.073937,
      0.005884,
      0.005445,
      0.005431,
      0.005325,
      0.005409,
      0.005128,
      0.005003,
      0.006627,
      0.005574,
      0.006057,
      0.006057,
      0.073937,
      0.110705,
      0.073937,
      0.013132,
      0.073937,
      0.005295,
      0.073937,
      0.0,
      0.0,
      0.0,
      0.0,
      0.0,
      0.0,
      0.0,
      0.0,
      0.0,
      0.0,
      0.0,
      0.0,
      0.0,
      0.073937,
      0.006514,
      0.073937,
      0.010523,
      0.073937,
      0.073937,
      0.073937,
      0.073937
    ],
    [
      0.073937,
      0.036847,
      0.073937,
      0.005884,
      0.005445,
      0.005431,
      0.005325,
      0.005409,
      0.005128,
      0.005003,
      0.006627,
      0.005574,
      0.006057,
      0.006057,
      0.073937,
      0.110705,
      0.073937,
      0.013132,
      0.073937,
      0.005295,
      0.073937,
      0.0,
      0.0,
      0.0,
      0.0,
      0.0,
      0.0,
      0.0,
      0.0,
      0.0,
      0.0,
      0.0,
      0.0,
      0.0,
      0.073937,
      0.006514,
      0.073937,
      0.010523,
      0.073937,
      0.073937,
      0.073937,
      0.073937
    ],
    [
      0.073937,
      0.036847,
      0.073937,
      0.005884,
      0.005445,
      0.005431,
      0.005325,
      0.005409,
      0.005128,
      0.005003,
      0.006627,
      0.005574,
      0.006057,
      0.006057,
      0.073937,
      0.110705,
      0.073937,
      0.013132,
      0.073937,
      0.005295,
      0.073937,
      0.0,
      0.0,
      0.0,
      0.0,
      0.0,
      0.0,
      0.0,
      0.0,
      0.0,
      0.0,
      0.0,
      0.0,
      0.0,
      0.073937,
      0.006514,
      0.073937,
      0.010523,
      0.073937,
      0.073937,
      0.073937,
      0.073937
    ],
    [
      0.073937,
      0.036847,
      0.073937,
      0.005884,
      0.005445,
      0.005431,
      0.005325,
      0.005409,
      0.005128,
      0.005003,
      0.006627,
      0.005574,
      0.006057,
      0.006057,
      0.073937,
      0.110705,
      0.073937,
      0.013132,
      0.073937,
      0.005295,
      0.073937,
      0.0,
      0.0,
      0.0,
      0.0,
      0.0,
      0.0,
      0.0,
      0.0,
      0.0,
      0.0,
      0.0,
      0.0,
      0.0,
      0.073937,
      0.006514,
      0.073937,
      0.010523,
      0.073937,
      0.073937,
      0.073937,
      0.073937
    ],
    [
      0.073937,
      0.036847,
      0.073937,
      0.005884,
      0.005445,
      0.005431,
      0.005325,
      0.005409,
      0.005128,
      0.005003,
      0.006627,
      0.005574,
      0.006057,
      0.006057,
      0.073937,
      0.110705,
      0.073937,
      0.013132,
      0.073937,
      0.005295,
      0.073937,
      0.0,
      0.0,
      0.0,
      0.0,
      0.0,
      0.0,
      0.0,
      0.0,
      0.0,
      0.0,
      0.0,
      0.0,
      0.0,
      0.073937,
      0.006514,
      0.073937,
      0.010523,
      0.073937,
      0.073937,
      0.073937,
      0.073937
    ],
    [
      0.073937,
      0.036847,
      0.073937,
      0.005884,
      0.005445,
      0.005431,
      0.005325,
      0.005409,
      0.005128,
      0.005003,
      0.006627,
      0.005574,
      0.006057,
      0.006057,
      0.073937,
      0.110705,
      0.073937,
      0.013132,
      0.073937,
      0.005295,
      0.073937,
      0.0,
      0.0,
      0.0,
      0.0,
      0.0,
      0.0,
      0.0,
      0.0,
      0.0,
      0.0,
      0.0,
      0.0,
      0.0,
      0.073937,
      0.006514,
      0.073937,
      0.010523,
      0.073937,
      0.073937,
      0.073937,
      0.073937
    ],
    [
      0.073937,
      0.036847,
      0.073937,
      0.005884,
      0.005445,
      0.005431,
      0.005325,
      0.005409,
      0.005128,
      0.005003,
      0.006627,
      0.005574,
      0.006057,
      0.006057,
      0.073937,
      0.110705,
      0.073937,
      0.013132,
      0.073937,
      0.005295,
      0.073937,
      0.0,
      0.0,
      0.0,
      0.0,
      0.0,
      0.0,
      0.0,
      0.0,
      0.0,
      0.0,
      0.0,
      0.0,
      0.0,
      0.073937,
      0.006514,
      0.073937,
      0.010523,
      0.073937,
      0.073937,
      0.073937,
      0.073937
    ],
    [
      0.073937,
      0.036847,
      0.073937,
      0.005884,
      0.005445,
      0.005431,
      0.005325,
      0.005409,
      0.005128,
      0.005003,
      0.006627,
      0.005574,
      0.006057,
      0.006057,
      0.073937,
      0.110705,
      0.073937,
      0.013132,
      0.073937,
      0.005295,
      0.073937,
      0.0,
      0.0,
      0.0,
      0.0,
      0.0,
      0.0,
      0.0,
      0.0,
      0.0,
      0.0,
      0.0,
      0.0,
      0.0,
      0.073937,
      0.006514,
      0.073937,
      0.010523,
      0.073937,
      0.073937,
      0.073937,
      0.073937
    ],
    [
      0.073937,
      0.036847,
      0.073937,
      0.005884,
      0.005445,
      0.005431,
      0.005325,
      0.005409,
      0.005128,
      0.005003,
      0.006627,
      0.005574,
      0.006057,
      0.006057,
      0.073937,
      0.110705,
      0.073937,
      0.013132,
      0.073937,
      0.005295,
      0.073937,
      0.0,
      0.0,
      0.0,
      0.0,
      0.0,
      0.0,
      0.0,
      0.0,
      0.0,
      0.0,
      0.0,
      0.0,
      0.0,
      0.073937,
      0.006514,
      0.073937,
      0.010523,
      0.073937,
      0.073937,
      0.073937,
      0.073937
    ],
    [
      0.0,
      0.102051,
      0.0,
      0.072842,
      0.0712,
      0.07199,
      0.071653,
      0.070674,
      0.070237,
      0.071629,
      0.070945,
      0.070384,
      0.068724,
      0.068724,
      0.0,
      0.073847,
      0.0,
      0.080728,
      0.0,
      0.071485,
      0.0,
      0.073937,
      0.073937,
      0.073937,
      0.073937,
      0.073937,
      0.073937,
      0.073937,
      0.073937,
      0.073937,
      0.073937,
      0.073937,
      0.073937,
      0.073937,
      0.0,
      0.073941,
      0.0,
      0.078309,
      0.0,
      0.0,
      0.0,
      0.0
    ],
    [
      0.073941,
      0.032556,
      0.073941,
      0.001272,
      0.003237,
      0.002393,
      0.002823,
      0.003911,
      0.004695,
      0.003063,
      0.00305,
      0.004156,
      0.006193,
      0.006193,
      0.073941,
      0.111423,
      0.073941,
      0.008145,
      0.073941,
      0.003017,
      0.073941,
      0.006514,
      0.006514,
      0.006514,
      0.006514,
      0.006514,
      0.006514,
      0.006514,
      0.006514,
      0.006514,
      0.006514,
      0.006514,
      0.006514,
      0.006514,
      0.073941,
      0.0,
      0.073941,
      0.005245,
      0.073941,
      0.073941,
      0.073941,
      0.073941
    ],
    [
      0.0,
      0.102051,
      0.0,
      0.072842,
      0.0712,
      0.07199,
      0.071653,
      0.070674,
      0.070237,
      0.071629,
      0.070945,
      0.070384,
      0.068724,
      0.068724,
      0.0,
      0.073847,
      0.0,
      0.080728,
      0.0,
      0.071485,
      0.0,
      0.073937,
      0.073937,
      0.073937,
      0.073937,
      0.073937,
      0.073937,
      0.073937,
      0.073937,
      0.073937,
      0.073937,
      0.073937,
      0.073937,
      0.073937,
      0.0,
      0.073941,
      0.0,
      0.078309,
      0.0,
      0.0,
      0.0,
      0.0
    ],
    [
      0.078309,
      0.027316,
      0.078309,
      0.006554,
      0.008489,
      0.007641,
      0.008069,
      0.009151,
      0.009933,
      0.008315,
      0.008123,
      0.009398,
      0.011435,
      0.011435,
      0.078309,
      0.115023,
      0.078309,
      0.002908,
      0.078309,
      0.008265,
      0.078309,
      0.010523,
      0.010523,
      0.010523,
      0.010523,
      0.010523,
      0.010523,
      0.010523,
      0.010523,
      0.010523,
      0.010523,
      0.010523,
      0.010523,
      0.010523,
      0.078309,
      0.005245,
      0.078309,
      0.0,
      0.078309,
      0.078309,
      0.078309,
      0.078309
    ],
    [
      0.0,
      0.102051,
      0.0,
      0.072842,
      0.0712,
      0.07199,
      0.071653,
      0.070674,
      0.070237,
      0.071629,
      0.070945,
      0.070384,
      0.068724,
      0.068724,
      0.0,
      0.073847,
      0.0,
      0.080728,
      0.0,
      0.071485,
      0.0,
      0.073937,
      0.073937,
      0.073937,
      0.073937,
      0.073937,
      0.073937,
      0.073937,
      0.073937,
      0.073937,
      0.073937,
      0.073937,
      0.073937,
      0.073937,
      0.0,
      0.073941,
      0.0,
      0.078309,
      0.0,
      0.0,
      0.0,
      0.0
    ],
    [
      0.0,
      0.102051,
      0.0,
      0.072842,
      0.0712,
      0.07199,
      0.071653,
      0.070674,
      0.070237,
      0.071629,
      0.070945,
      0.070384,
      0.068724,
      0.068724,
      0.0,
      0.073847,
      0.0,
      0.080728,
      0.0,
      0.071485,
      0.0,
      0.073937,
      0.073937,
      0.073937,
      0.073937,
      0.073937,
      0.073937,
      0.073937,
      0.073937,
      0.073937,
      0.073937,
      0.073937,
      0.073937,
      0.073937,
      0.0,
      0.073941,
      0.0,
      0.078309,
      0.0,
      0.0,
      0.0,
      0.0
    ],
    [
      0.0,
      0.102051,
      0.0,
      0.072842,
      0.0712,
      0.07199,
      0.071653,
      0.070674,
      0.070237,
      0.071629,
      0.070945,
      0.070384,
      0.068724,
      0.068724,
      0.0,
      0.073847,
      0.0,
      0.080728,
      0.0,
      0.071485,
      0.0,
      0.073937,
      0.073937,
      0.073937,
      0.073937,
      0.073937,
      0.073937,
      0.073937,
      0.073937,
      0.073937,
      0.073937,
      0.073937,
      0.073937,
      0.073937,
      0.0,
      0.073941,
